1002881108606016
1021092976148975
1023400645666420
1041352537628655
1044606157061812
1050503583329955
1051211967136526
1069666650973873
1071700701728910
1073049581231056
1078560817421587
1085890173202735
1089573432664131
1092133469495462
1107064934776754
1108131584865233
1110314244387816
1119166219764581
1119718896242677
1120239902858678
1126712375884972
1130501775077894
1148968923952346
1154113539910333
1179500609797636
1180673306331763
1185319949364085
1187483045673326
1193579455857033
1237376427883773
1260990361757674
1263975528308076
1273933840289887
1277351374404839
1279326226723010
1279553583800599
1288163659019705
1294684158910702
1294705618516185
1297225628792280
1309093164014619
1315788070079167
1315844333300588
1327023138707493
1335429861397399
1338631107629110
1403202260886086
1408179757063785
1427673368387929
1441274599876577
1473003156922360
1483585545954157
1589004208714002
1599497457585207
1701172050581812
1739689546844035
1759178911495771
1809151763043139
1828524234403425
1847752429062443
1905003193597285
1976970169406126
1991198475040883
1991876994661275
2026086521187684
2067733823644753
2111278956050786
2141681583023863
2147631415757748
2184370012043145
2263954690670646
24127338963626294
2456904447834971
27724402107145083
372149922554566
3808624879384438
382838731271782
383880874806933
386363531219281
3901547360084831
3956582084664486
3980741912187626
4002322973363581
4042244719362475
4102292636718018
4116269558691031
423989957171190
424364943656028
432356313302579
433987753066526
461898606342872
481381621684815
514363767744061
522346373509256
552315380916113
559372759847379
562637219504223
563961506051153
591584463734236
593421160518191
612758008575849
639645829096010
662385816800591
667461712321088
681333794968062
700668799338315
723487737079243
724492966635485
761421883101179
775828278323576
780391337668333
785854814030175
822353906794602
839655921736413
843075271274817
8726984263984099
872856994942214
888167256831303
893023542323690
896345989301021
911337534530260
925077602773417
934739365184374
996959015535106
